base =
{
  a =

     0.585938
    -0.097656
     0.011719

  THETA =

     0.00000   0.00000   0.00000
     0.00000   0.00000   0.00000
     0.00000  -0.00000  -0.00000
     0.00000   0.00000   0.00000
     0.00000   0.00000   0.00000
     0.00000  -0.00000  -0.00000
    -0.00000  -0.00000   0.00000
     0.00000   0.00000   0.00001
     0.00000   0.00000  -0.00001
     0.00000   0.00000   0.00001
     0.00000  -0.00000  -0.00003
     0.00000  -0.00000  -0.00009
    -0.00000  -0.00000   0.00003
    -0.00000  -0.00000   0.00008
    -0.00000   0.00000   0.00013
     0.00000   0.00001   0.00025
     0.00000   0.00001   0.00012
     0.00000   0.00001  -0.00014
     0.00000   0.00001   0.00002
     0.00000   0.00002   0.00023
     0.00000   0.00001  -0.00046
     0.00000  -0.00000  -0.00061
     0.00000  -0.00003  -0.00112
     0.00000  -0.00008  -0.00202
    -0.00000  -0.00012  -0.00063
    -0.00001  -0.00013   0.00056
    -0.00001  -0.00010   0.00094
    -0.00001  -0.00006   0.00174
    -0.00001   0.00001   0.00259
    -0.00001   0.00009   0.00271
    -0.00001   0.00020   0.00395
     0.00000   0.00034   0.00536
     0.00001   0.00048   0.00325
     0.00003   0.00057   0.00261
     0.00005   0.00061   0.00049
     0.00007   0.00058  -0.00305
     0.00008   0.00053   0.00006
     0.00010   0.00054   0.00041
     0.00012   0.00057   0.00145
     0.00014   0.00067   0.00496
     0.00016   0.00071  -0.00232
     0.00018   0.00053  -0.00972
     0.00019   0.00022  -0.01077
     0.00019  -0.00016  -0.01292
     0.00018  -0.00070  -0.02162
     0.00015  -0.00141  -0.02384
     0.00009  -0.00231  -0.03187
     0.00000  -0.00347  -0.04316
    -0.00013  -0.00454  -0.02604
    -0.00028  -0.00519  -0.01345
    -0.00045  -0.00546  -0.00430
    -0.00062  -0.00534   0.01192
    -0.00078  -0.00493   0.01519
    -0.00092  -0.00437   0.02001
    -0.00105  -0.00358   0.03003
    -0.00114  -0.00254   0.03715
    -0.00120  -0.00125   0.04460
    -0.00122   0.00031   0.05526
    -0.00118   0.00206   0.05786
    -0.00109   0.00388   0.05788
    -0.00094   0.00598   0.07626
    -0.00071   0.00848   0.08430
    -0.00040   0.01134   0.09592
     0.00000   0.01461   0.11429
     0.00051   0.01782   0.09232
     0.00111   0.02039   0.06934
     0.00178   0.02253   0.06554
     0.00251   0.02440   0.05567
     0.00330   0.02567   0.02467
     0.00411   0.02622   0.01049
     0.00493   0.02598  -0.02090
     0.00572   0.02467  -0.06489
     0.00647   0.02324  -0.02923
     0.00718   0.02272   0.00143
     0.00789   0.02269  -0.00152
     0.00860   0.02283   0.00788
     0.00933   0.02347   0.03461
     0.01008   0.02452   0.03157
     0.01086   0.02614   0.06320
     0.01172   0.02876   0.10789
     0.01265   0.03065   0.01476
     0.01361   0.03022  -0.05062
     0.01452   0.02766  -0.10959
     0.01532   0.02276  -0.20543
     0.01593   0.01632  -0.20946
     0.01633   0.00930  -0.23470
     0.01650   0.00135  -0.27690
     0.01640  -0.00754  -0.29256
     0.01601  -0.01796  -0.36872
     0.01526  -0.03077  -0.45663
     0.01407  -0.04526  -0.47759
     0.01242  -0.06055  -0.49397
     0.01027  -0.07785  -0.61397
     0.00753  -0.09769  -0.65723
     0.00413  -0.11994  -0.74594
     0.00000  -0.14521  -0.87619
    -0.00493  -0.16961  -0.69328
    -0.01055  -0.18913  -0.53384
    -0.01671  -0.20467  -0.45639
    -0.02330  -0.21660  -0.31226
    -0.03021  -0.22440  -0.17985
    -0.03729  -0.22854  -0.08844
    -0.04444  -0.22823   0.09114
    -0.05150  -0.22232   0.29553
    -0.05831  -0.21385   0.25354
    -0.06487  -0.20584   0.24305
    -0.07117  -0.19725   0.30481
    -0.07719  -0.18758   0.31916
    -0.08288  -0.17693   0.35690
    -0.08823  -0.16453   0.44208
    -0.09316  -0.15095   0.44388
    -0.09766  -0.13713   0.43281
    -0.10169  -0.11992   0.66719
    -0.10509  -0.09660   0.83938
    -0.10767  -0.06733   1.02315
    -0.10923  -0.03144   1.27815
    -0.10958   0.00887   1.30645
    -0.10865   0.05135   1.40100
    -0.10635   0.09663   1.50978
    -0.10258   0.14439   1.54429
    -0.09727   0.19699   1.80770
    -0.09019   0.25757   2.08733
    -0.08111   0.32401   2.18172
    -0.06990   0.39404   2.28077
    -0.05642   0.47048   2.61524
    -0.04042   0.55427   2.74890
    -0.02170   0.64528   3.01957
     0.00000   0.74521   3.39048
     0.02486   0.84366   2.92785
     0.05261   0.93010   2.54743
     0.08289   1.00655   2.34061
     0.11542   1.07336   1.94314
     0.14987   1.13041   1.68930
     0.18599   1.17981   1.48589
     0.22351   1.21938   1.07612
     0.26207   1.24658   0.64623
     0.30134   1.26669   0.63153
     0.34121   1.28454   0.53764
     0.38159   1.29880   0.36943
     0.42235   1.30921   0.29417
     0.46336   1.31460   0.05987
     0.50444   1.31281  -0.18674
     0.54535   1.30489  -0.33146
     0.58594   1.29181  -0.49779
     0.62601   1.27158  -0.79991
     0.66532   1.24295  -1.03833
     0.70361   1.20556  -1.33906
     0.74057   1.15832  -1.69306
     0.77593   1.10418  -1.77365
     0.80954   1.04568  -1.95810
     0.84124   0.98242  -2.11532
     0.87090   0.91537  -2.16870
     0.89836   0.84004  -2.63076
     0.92326   0.75105  -3.09486
     0.94519   0.65151  -3.29710
     0.96390   0.54443  -3.52992
     0.97911   0.42642  -4.03039
     0.99043   0.29679  -4.26422
     0.99753   0.15548  -4.70364
     1.00000  -0.00000  -5.26786
     0.99753  -0.15548  -4.70364
     0.99043  -0.29679  -4.26422
     0.97911  -0.42642  -4.03039
     0.96390  -0.54443  -3.52992
     0.94519  -0.65151  -3.29710
     0.92326  -0.75105  -3.09486
     0.89836  -0.84004  -2.63076
     0.87090  -0.91537  -2.16870
     0.84124  -0.98242  -2.11532
     0.80954  -1.04568  -1.95810
     0.77593  -1.10418  -1.77365
     0.74057  -1.15832  -1.69306
     0.70361  -1.20556  -1.33906
     0.66532  -1.24295  -1.03833
     0.62601  -1.27158  -0.79991
     0.58594  -1.29181  -0.49779
     0.54535  -1.30489  -0.33146
     0.50444  -1.31281  -0.18674
     0.46336  -1.31460   0.05987
     0.42235  -1.30921   0.29417
     0.38159  -1.29880   0.36943
     0.34121  -1.28454   0.53764
     0.30134  -1.26669   0.63153
     0.26207  -1.24658   0.64623
     0.22351  -1.21938   1.07612
     0.18599  -1.17981   1.48589
     0.14987  -1.13041   1.68930
     0.11542  -1.07336   1.94314
     0.08289  -1.00655   2.34061
     0.05261  -0.93010   2.54743
     0.02486  -0.84366   2.92785
     0.00000  -0.74521   3.39048
    -0.02170  -0.64528   3.01957
    -0.04042  -0.55427   2.74890
    -0.05642  -0.47048   2.61524
    -0.06990  -0.39404   2.28077
    -0.08111  -0.32401   2.18172
    -0.09019  -0.25757   2.08733
    -0.09727  -0.19699   1.80770
    -0.10258  -0.14439   1.54429
    -0.10635  -0.09663   1.50978
    -0.10865  -0.05135   1.40100
    -0.10958  -0.00887   1.30645
    -0.10923   0.03144   1.27815
    -0.10767   0.06733   1.02315
    -0.10509   0.09660   0.83938
    -0.10169   0.11992   0.66719
    -0.09766   0.13713   0.43281
    -0.09316   0.15095   0.44388
    -0.08823   0.16453   0.44208
    -0.08288   0.17693   0.35690
    -0.07719   0.18758   0.31916
    -0.07117   0.19725   0.30481
    -0.06487   0.20584   0.24305
    -0.05831   0.21385   0.25354
    -0.05150   0.22232   0.29553
    -0.04444   0.22823   0.09114
    -0.03729   0.22854  -0.08844
    -0.03021   0.22440  -0.17985
    -0.02330   0.21660  -0.31226
    -0.01671   0.20467  -0.45639
    -0.01055   0.18913  -0.53384
    -0.00493   0.16961  -0.69328
     0.00000   0.14521  -0.87619
     0.00413   0.11994  -0.74594
     0.00753   0.09769  -0.65723
     0.01027   0.07785  -0.61397
     0.01242   0.06055  -0.49397
     0.01407   0.04526  -0.47759
     0.01526   0.03077  -0.45663
     0.01601   0.01796  -0.36872
     0.01640   0.00754  -0.29256
     0.01650  -0.00135  -0.27690
     0.01633  -0.00930  -0.23470
     0.01593  -0.01632  -0.20946
     0.01532  -0.02276  -0.20543
     0.01452  -0.02766  -0.10959
     0.01361  -0.03022  -0.05062
     0.01265  -0.03065   0.01476
     0.01172  -0.02876   0.10789
     0.01086  -0.02614   0.06320
     0.01008  -0.02452   0.03157
     0.00933  -0.02347   0.03461
     0.00860  -0.02283   0.00788
     0.00789  -0.02269  -0.00152
     0.00718  -0.02272   0.00143
     0.00647  -0.02324  -0.02923
     0.00572  -0.02467  -0.06489
     0.00493  -0.02598  -0.02090
     0.00411  -0.02622   0.01049
     0.00330  -0.02567   0.02467
     0.00251  -0.02440   0.05567
     0.00178  -0.02253   0.06554
     0.00111  -0.02039   0.06934
     0.00051  -0.01782   0.09232
     0.00000  -0.01461   0.11429
    -0.00040  -0.01134   0.09592
    -0.00071  -0.00848   0.08430
    -0.00094  -0.00598   0.07626
    -0.00109  -0.00388   0.05788
    -0.00118  -0.00206   0.05786
    -0.00122  -0.00031   0.05526
    -0.00120   0.00125   0.04460
    -0.00114   0.00254   0.03715
    -0.00105   0.00358   0.03003
    -0.00092   0.00437   0.02001
    -0.00078   0.00493   0.01519
    -0.00062   0.00534   0.01192
    -0.00045   0.00546  -0.00430
    -0.00028   0.00519  -0.01345
    -0.00013   0.00454  -0.02604
     0.00000   0.00347  -0.04316
     0.00009   0.00231  -0.03187
     0.00015   0.00141  -0.02384
     0.00018   0.00070  -0.02162
     0.00019   0.00016  -0.01292
     0.00019  -0.00022  -0.01077
     0.00018  -0.00053  -0.00972
     0.00016  -0.00071  -0.00232
     0.00014  -0.00067   0.00496
     0.00012  -0.00057   0.00145
     0.00010  -0.00054   0.00041
     0.00008  -0.00053   0.00006
     0.00007  -0.00058  -0.00305
     0.00005  -0.00061   0.00049
     0.00003  -0.00057   0.00261
     0.00001  -0.00048   0.00325
     0.00000  -0.00034   0.00536
    -0.00001  -0.00020   0.00395
    -0.00001  -0.00009   0.00271
    -0.00001  -0.00001   0.00259
    -0.00001   0.00006   0.00174
    -0.00001   0.00010   0.00094
    -0.00001   0.00013   0.00056
    -0.00000   0.00012  -0.00063
     0.00000   0.00008  -0.00202
     0.00000   0.00003  -0.00112
     0.00000   0.00000  -0.00061
     0.00000  -0.00001  -0.00046
     0.00000  -0.00002   0.00023
     0.00000  -0.00001   0.00002
     0.00000  -0.00001  -0.00014
     0.00000  -0.00001   0.00012
     0.00000  -0.00001   0.00025
    -0.00000  -0.00000   0.00013
    -0.00000   0.00000   0.00008
    -0.00000   0.00000   0.00003
     0.00000   0.00000  -0.00009
     0.00000   0.00000  -0.00003
     0.00000  -0.00000   0.00001
     0.00000  -0.00000  -0.00001
     0.00000  -0.00000   0.00001
    -0.00000   0.00000   0.00000
     0.00000   0.00000  -0.00000
     0.00000  -0.00000   0.00000
     0.00000  -0.00000   0.00000
     0.00000   0.00000  -0.00000
     0.00000  -0.00000   0.00000
     0.00000  -0.00000   0.00000

  J =  5
  L =  5
  P =  5
  J0 =  3
}

